FLAG, query nicks not adjacent	2464096	40	38
GM11994	2464096	-	40	38	query left nick minus 1: PASS	(17730,71)(17731,71)(17732,70)(17733,70)(17736,68)(17738,66)(17739,65)(17740,65)(17741,64)(17742,63)(17744,62)(17746,61)(17747,61)(17749,60)(17750,60)(17751,59)(17752,58)(17753,57)(17754,56)(17756,54)(17757,50)(17758,46)(17759,45)(17760,44)(17761,43)(17763,42)(17764,41)(17765,40)(17766,38)
GM11994	2464096	-	17765	17766	ref left nick minus 1: PASS	(17730,71)(17731,71)(17732,70)(17733,70)(17736,68)(17738,66)(17739,65)(17740,65)(17741,64)(17742,63)(17744,62)(17746,61)(17747,61)(17749,60)(17750,60)(17751,59)(17752,58)(17753,57)(17754,56)(17756,54)(17757,50)(17758,46)(17759,45)(17760,44)(17761,43)(17763,42)(17764,41)(17765,40)(17766,38)
GM11994	1710270	-	2	1	query left nick minus 1: PASS	(17753,13)(17755,11)(17756,10)(17757,9)(17758,9)(17759,8)(17760,7)(17761,6)(17762,5)(17763,4)(17764,3)(17765,2)(17766,1)(17767,1)
GM11994	1710270	-	17765	17766	ref left nick minus 1: PASS	(17753,13)(17755,11)(17756,10)(17757,9)(17758,9)(17759,8)(17760,7)(17761,6)(17762,5)(17763,4)(17764,3)(17765,2)(17766,1)(17767,1)
1710270	-	2	1	query right nick plus 1: FAIL	(17753,13)(17755,11)(17756,10)(17757,9)(17758,9)(17759,8)(17760,7)(17761,6)(17762,5)(17763,4)(17764,3)(17765,2)(17766,1)(17767,1)
1710270	-	17765	17766	ref right nick plus 1: PASS	(17753,13)(17755,11)(17756,10)(17757,9)(17758,9)(17759,8)(17760,7)(17761,6)(17762,5)(17763,4)(17764,3)(17765,2)(17766,1)(17767,1)
GM11994	3386320	-	3	2	query left nick minus 1: PASS	(17755,11)(17756,10)(17757,9)(17758,9)(17759,8)(17760,7)(17761,6)(17763,5)(17764,4)(17765,3)(17766,2)(17767,2)(17768,1)(17769,1)
GM11994	3386320	-	17765	17766	ref left nick minus 1: PASS	(17755,11)(17756,10)(17757,9)(17758,9)(17759,8)(17760,7)(17761,6)(17763,5)(17764,4)(17765,3)(17766,2)(17767,2)(17768,1)(17769,1)
3386320	-	3	2	query right nick plus 1: FAIL	(17755,11)(17756,10)(17757,9)(17758,9)(17759,8)(17760,7)(17761,6)(17763,5)(17764,4)(17765,3)(17766,2)(17767,2)(17768,1)(17769,1)
3386320	-	17765	17766	ref right nick plus 1: PASS	(17755,11)(17756,10)(17757,9)(17758,9)(17759,8)(17760,7)(17761,6)(17763,5)(17764,4)(17765,3)(17766,2)(17767,2)(17768,1)(17769,1)
FLAG, query nicks not adjacent	272235	6	8
GM11994	272235	+	6	8	query left nick minus 1: PASS	(17759,1)(17760,2)(17761,3)(17762,4)(17763,5)(17765,6)(17766,8)(17767,8)(17768,9)
GM11994	272235	+	17765	17766	ref left nick minus 1: FAIL	(17759,1)(17760,2)(17761,3)(17762,4)(17763,5)(17765,6)(17766,8)(17767,8)(17768,9)
272235	+	6	8	query right nick plus 1: FAIL	(17759,1)(17760,2)(17761,3)(17762,4)(17763,5)(17765,6)(17766,8)(17767,8)(17768,9)
272235	+	17765	17766	ref right nick plus 1: PASS	(17759,1)(17760,2)(17761,3)(17762,4)(17763,5)(17765,6)(17766,8)(17767,8)(17768,9)
FLAG, query nicks not adjacent	272235	6	8
